0
0
0
0
0
0
0
0
0
0
0
0
0
0
0
0
0
0
0
0
0
0
0
0
0
0
0
0
0
0
0
0
0
0
0
0
0
0
0
0
0
0
0
0
0
0
0
0
0
0
0
0
0
0
0
0
0
0
0
0
0
0
0
0
0
0
0
0
0
0
0
0
0
0
0
0
0
0
0
0
0
0
0
0
0
0
0
0
0
0
0
0
0
0
0
0
0
0
0
0
0
0
0
0
0
0
454.59
0
0
0
0
0
0
0
0
0
0
0
414.51
0
0
440.36
441.28
411.35
0
0
0
0
0
0
0
0
0
0
0
244.68
274.23
274.69
274.99
273.83
274.3
277.55
277.28
275.4
0
0
0
263.54
259.44
244.51
227.24
217.58
234.12
248.65
247.34
245.7
243.18
257.33
272.5
270.3
268.48
269.09
269.72
269.86
0
0
0
227.49
253.58
273.72
271.82
268.55
271.86
268.18
266.75
273.34
0
0
0
284.08
284.5
276.68
287.88
318.8
332.03
268.78
212.76
211.6
211.36
211.26
209.13
211.05
194.85
176.03
0
0
0
0
590.97
254.74
284.15
283.42
288.52
290.12
291.8
294.44
298.06
0
0
943.76
0
281.17
279.31
278.16
0
313.47
289.6
164.68
165.48
164.91
206.16
263.29
273.42
268.13
264.91
267.34
271.08
270.81
0
0
212.64
233.39
264.43
270.16
257.44
248.33
246.01
0
0
235.17
239.98
248.17
253
244.52
240.58
236.94
0
0
485.59
402.32
104.23
186.02
247.49
244.33
239.9
238.15
244.19
250.18
0
0
0
0
209.35
0
602.2
602.81
274.48
273.2
274.01
274.69
273.97
271.3
268.36
0
0
265.75
267.46
252.37
232.36
218.76
0
246.47
247.05
239.11
266.69
314.58
325.75
326.22
328.23
302.72
276.65
0
617.11
290.34
226.03
175.52
202.49
270.2
271.76
274.27
274.43
273.69
286.73
299.85
0
0
174.3
288.1
285.79
278.86
299.75
243.28
192.32
217.62
218.74
219.3
219.54
217.47
214.47
206.28
192.12
184.93
0
0
0
0
0
175.96
206.67
285.44
290.94
292.71
292.26
286.59
286.83
287.41
285.96
0
0
277.61
284.22
273.96
243.74
219.54
0
314.78
328.07
334.88
303.14
216.71
218.26
273.95
345.93
426.28
438.88
440.27
402.83
362.83
0
0
0
0
0
318.55
304.8
288.6
289.84
288.83
249.88
213.84
217.19
216.78
211.53
290.43
291.29
202.15
206.44
214.88
212.49
210.8
207.75
208.21
210.59
0
0
0
177.66
152.83
95.4
140.29
164.75
135.23
232.01
245.19
165.57
164.9
165.01
166.59
139.05
198.4
267.85
228.01
228.83
265.16
266.2
235.88
215.86
210.93
167.12
124.03
130.8
137.67
114.02
91.29
183.66
272.41
268.29
0
0
154.18
94.82
81.71
76.12
157.24
227.08
311.3
448.85
277.51
66.1
104.14
146.77
168.5
169.11
119.96
86.59
81.36
137.2
263.11
325.91
316.54
194.12
119.31
144.27
143.69
162.91
162.18
222.09
278.56
276.25
0
130.84
84.13
169.57
233.59
0
258.88
186.54
99.99
127.8
135.12
107.1
134.84
136.43
109.86
0
0
293.62
267.2
175.98
77.8
144.4
205.85
137.11
151.02
223.52
166.09
161.91
214.35
212.43
211.31
211.04
0
0
87.79
79.81
144.1
230.91
256.92
0
321.92
314.77
308.48
297.95
273.81
176.39
94.43
80.8
158.5
188.41
101.05
72.9
250.49
247.5
175.53
209.76
135.07
130.71
123.36
119.78
119.24
102.13
83.09
0
0
190.37
151.31
96.2
143.11
168.02
203.98
303.92
220.16
109.79
110.32
109.25
108.22
216.2
324.87
325.02
0
170.49
135.69
189.34
279.55
270.47
201.13
183.09
0
131.02
136.61
136.19
206.98
274.4
274.08
277.55
0
0
159.87
174.63
242.64
192.23
207.44
180.2
110.79
146.51
180.57
177.13
146.17
146.13
104.06
102.14
238.3
266.7
202.48
198.81
259.26
323.17
296.44
173.52
121.11
175.7
173.51
163.92
240.43
275.43
421.64
612.1
0
0
87.06
176.16
230.21
236.69
258.69
184.49
87.51
116.28
165.79
166.3
117.2
87.9
202.73
296.77
0
175.16
133.84
131.87
154.82
147.92
160.01
226.96
515.1
504.44
220.41
221.53
167.23
150.13
188.86
0
0
0
211.25
232.14
237.47
251.59
274.87
304.62
277.88
222.19
222.17
220.8
219.4
194.17
168.96
0
0
0
208.22
213.26
199.23
191.42
191.62
0
204.5
210.09
219.49
219.75
219.78
219.42
145.97
144.77
216.98
216.41
214.65
212.87
209.27
207.1
208.52
209.31
210.31
212.29
213.49
0
0
0
0
0
0
0
0
0
0
0
0
0
0
0
0
0
0
0
0
0
0
0
0
0
0
0
0
0
0
0
0
0
0
0
0
0
0
0
0
0
0
0
0
0
0
0
0
0
0
0
0
0
0
0
0
0
0
0
0
0
0
0
0
0
0
0
0
0
0
0
0
0
0
0
0
0
0
0
0
0
0
0
0
0
0
0
0
0
0
0
0
0
0
0
0
0
0
0
0
0
0
0
0
0
0
0
0
0
0
0
0
0
0
0
0
0
0
0
0
0
0
207.81
0
277.34
0
275.79
276.09
274.77
273.87
272.92
273.28
0
0
0
268.14
267.17
253.01
236.53
223.74
0
245.93
244.78
228.19
232.84
263.89
274.28
271.71
268.56
269.19
270.26
0
0
0
0
244.77
272.78
274.23
276.18
275.88
278.04
277.48
275.47
0
273.97
0
220.75
273.25
280.66
244.98
259.59
317.81
273.1
215.73
214.03
208.83
207.54
212.13
205.05
204.34
214.84
0
0
0
0
0
0
238.72
279.84
294.12
291.87
286.01
288.69
295.07
292.81
288.13
0
0
0
277.82
283.97
272.47
242.87
220.16
0
314.75
325.64
327.99
291.76
297.14
307.39
270.13
337.81
424.21
440.98
438.31
403.95
402.72
433.77
0
0
891.29
0
315.57
308.8
290.43
288.55
288.9
251.47
215.22
217.35
216.89
211.57
143.3
143.79
206.86
212.01
219.5
219.54
219.44
220.07
219.51
217.59
216.19
0
0
176.62
152.82
95.42
238.94
263.8
135.25
231.42
244.54
165.51
164.88
165
166.53
139.03
197.67
267.23
228.56
229.23
265.21
266.24
235.88
215.88
315.75
334.54
186.51
130.8
137.65
114.01
91.3
183.68
271.74
266.92
0
0
154.12
94.86
81.77
76.14
155.74
225.58
311.34
448.08
312.02
101.57
104.18
146.76
135.98
136.5
142.39
109.12
81.37
137.17
263.24
326.03
315.75
193.33
119.3
144.25
143.6
162.86
162.16
222.17
195.26
109.1
0
0
84.06
169.55
233.47
0
191.86
181.88
135.11
163.23
135.22
107.05
134.82
136.44
109.85
0
0
293.93
263.74
172.51
77.82
144.41
211.78
143.17
151.18
223.39
220.29
216.53
214.37
211.96
212.36
214.09
0
0
87.89
79.88
144.05
230.93
180.25
215.2
322.01
314.74
309.04
298.6
274.08
176.65
94.42
92.33
170.01
188.36
101.05
72.89
250.61
247.61
175.32
209.54
135.1
130.72
123.31
119.72
119.23
102.13
83.06
0
0
188.75
151.37
96.23
143.86
168.8
203.98
303.95
247.05
136.73
110.34
109.28
108.26
216.18
325.28
325.91
0
276.06
135.65
189.32
279.29
270.17
201.18
183.29
0
131.03
136.59
136.14
206.95
274.7
273.82
276.36
0
0
159.92
174.61
242.61
192.26
207.76
180.51
110.8
146.51
180.59
177.15
146.15
146.11
104.03
102.12
238.74
267.11
202.44
198.83
259.33
323.14
296
173.15
121.15
175.69
173.5
163.93
240.52
275.26
169.62
107.66
0
0
87.05
176.16
230.11
236.6
256.04
181.87
87.54
116.29
165.82
166.38
167.19
138.08
203.09
297.42
0
174.99
133.87
131.87
154.87
147.97
160.59
227.56
252.05
240.32
220.29
221.5
223.02
205.56
187.84
0
0
198.12
207.74
233.92
237.42
249.33
275.17
298.1
274.58
222.01
210.89
214.25
200.52
200.28
216.7
0
0
0
162.32
215.16
201.83
181.63
178.05
185.44
179.17
173.89
0
0
123.84
157.58
198.09
208.11
190.82
198.45
213.84
211.47
220.08
220.84
220.37
218.86
218.66
219.46
219.55
218.07
216.33
217.18
214.39
213.75
218.08
221.21
296.69
396.45
428.2
435.48
436.12
436.08
439.31
438.96
436.02
434.99
434.75
433.92
432.59
432.78
432.97
432.06
471.22
529.46
329.22
109.58
217.77
405.96
488.31
491.01
459.02
432.75
460.97
408.63
352.1
349.62
325.61
327.73
352.94
359
353.18
361.57
0
431.97
241.63
127.26
0
0
0
0
0
0
0
0
0
0
0
0
0
0
0
0
0
0
0
0
0
0
0
0
0
0
0
0
0
0
0
0
0
0
490.27
0
0
0
0
455.93
0
0
0
0
0
0
0
0
0
0
411.15
0
0
0
442.21
442.57
411.3
0
0
0
0
0
0
0
0
0
0
0
0
0
0
0
0
0
0
0
0
0
0
0
0
0
0
0
0
0
0
0
0
0
0
0
0
0
0
0
0
0
0
0
0
0
0
0
0
0
0
0
0
0
0
0